100997
100332
102327
102346
100321
101831
100327
100414
100324
100479
100486
100313
100312
10393
101486
100320
100319
100317
101532
100591
101381
100499
100323
100856
101703
101606
101601
101604
101733
101474
102354
100464
101609
101454
101777
101598
100604
10303
101519
101460
101721
101572
101499
102114
101459
101539
101498
100606
100649
100568
102307
102304
102306
102529
102530
102531
101409
100735
100334
102029
102030
100878
102015
101091
101584
101708
101709
101710
101833
101832
101613
101413
102454